# Number of draws in this sample: 10
1 52.7626 11.7070
2 55.2793 14.8226
3 54.2118 13.5667
4 54.9516 12.5282
5 56.2654 13.0196
6 51.7267 12.0299
7 57.0807 14.7189
8 53.7152 13.5037
9 53.6864 12.6647
10 55.4201 12.6507

# Number of draws in this sample: 100
1 52.7626 11.7070
2 55.2793 14.8226
3 54.2118 13.5667
4 54.9516 12.5282
5 56.2654 13.0196
6 51.7267 12.0299
7 57.0807 14.7189
8 53.7152 13.5037
9 53.6864 12.6647
10 55.4201 12.6507

# Number of draws in this sample: 1000
1 52.7626 11.7070
2 55.2793 14.8226
3 54.2118 13.5667
4 54.9516 12.5282
5 56.2654 13.0196
6 51.7267 12.0299
7 57.0807 14.7189
8 53.7152 13.5037
9 53.6864 12.6647
10 55.4201 12.6507

# Number of draws in this sample: 10000
1 52.7626 11.7070
2 55.2793 14.8226
3 54.2118 13.5667
4 54.9516 12.5282
5 56.2654 13.0196
6 51.7267 12.0299
7 57.0807 14.7189
8 53.7152 13.5037
9 53.6864 12.6647
10 55.4201 12.6507

# Number of draws in this sample: 100000
1 52.7626 11.7070
2 55.2793 14.8226
3 54.2118 13.5667
4 54.9516 12.5282
5 56.2654 13.0196
6 51.7267 12.0299
7 57.0807 14.7189
8 53.7152 13.5037
9 53.6864 12.6647
10 55.4201 12.6507

# Number of draws in this sample: 1000000
1 52.7626 11.7070
2 55.2793 14.8226
3 54.2118 13.5667
4 54.9516 12.5282
5 56.2654 13.0196
6 51.7267 12.0299
7 57.0807 14.7189
8 53.7152 13.5037
9 53.6864 12.6647
10 55.4201 12.6507

# Sample size Sigma of means
10 1.5331
100 1.5331
1000 1.5331
10000 1.5331
100000 1.5331
1000000 1.5331
