star frame  yguess    xguess    width    cy      cx   star    sky
-----------------------------------------------------------------
0 0 698.0 512.0 1.006698.620 512.387  1.86735e+04  3.60079e+00 
0 1 464.0 517.0 0.977464.373 517.417  1.93840e+04  -1.95989e+01 
0 2 228.0 521.0 1.134228.433 521.933  1.83914e+04  -1.93766e+01 
1 0 668.0 520.0 1.046667.882 520.225  4.28837e+04  4.73802e+01 
1 1 434.0 525.0 0.983433.579 525.305  4.29480e+04  1.57904e+01 
1 2 198.0 529.0 1.174197.637 529.792  4.30578e+04  8.78420e-01 
2 0 568.0 283.0 1.078568.258 283.303  3.42158e+04  6.38899e+01 
2 1 334.0 288.0 0.977333.960 288.360  3.53514e+04  2.48538e+01 
2 2 98.0 292.0 1.11198.071 292.899  3.47301e+04  -2.11239e+01 
