star frame yguess xguess width cy cx star sky
---------------------------------------------------------------
  0    0   698.00   512.00    1.006   698.62   512.39   1.87063e+04  2.57402e+00
  0    1   464.00   517.00    0.977   464.37   517.42   1.89816e+04  -7.02398e+00
  0    2   228.00   521.00    1.134   228.43   521.93   1.83935e+04  -1.94429e+01
  1    0   668.00   520.00    1.046   667.88   520.23   4.33927e+04  3.14750e+01
  1    1   434.00   525.00    0.983   433.58   525.30   4.33834e+04  2.18389e+00
  1    2   198.00   529.00    1.174   197.64   529.79   4.35873e+04  -1.67714e+01
  2    0   568.00   283.00    1.078   568.26   283.30   3.47740e+04  4.52836e+01
  2    1   334.00   288.00    0.977   333.96   288.36   3.59283e+04  6.82613e+00
  2    2    98.00   292.00    1.111    98.07   292.90   3.49000e+04  -2.62712e+01
